Generated on: 2024-09-16 10:01:44
420331729212490362719154073489
420331729212490362719154073489
420331729212490362719154073489
420331729212490362719154064883
420331729212490362719154064883
420331729212490362719154064883
420331729212490362719154073489
420331729212490362719154064883
420331729212490362719154064883
420331729212490362719154073489
420331729212490362719154073489
420331729212490362719154064883
420331729212490362719154073489
420331729212490362719154073489
420331729212490362719154073489
420331729212490362719154073489
420331729212490362719154073489
420331729212490362719154073489
420331729212490362719154064883
420331729212490362719154064883
420331729212490362719154064883
420331729212490362719154073489
420331729212490362719154073489
420331729212490362719154064883
420331729212490362719154064883
420331729212490362719154064883
420331729212490362719154073489
420331729212490362719154073489
420331729212490362719154073489
420331729212490362719154073489
420331729212490362719154028359
420331729212490362719154064883
420331729212490362719154064883
420331729212490362719154064883
420331729212490362719154064883
420331729212490362719154064883
420331729212490362719154073489
420331729212490362719154073489
----------------------